Voltage[V]	Current[A]	CoilCurrent[A]
2.928944E-6	-1.038699E-7
2.810841E-6	1.744251E-5
3.306912E-6	3.930590E-5
3.094290E-6	5.987381E-5
3.070651E-6	7.986565E-5
3.306859E-6	9.988243E-5
3.247818E-6	0.000120
3.365927E-6	0.000140
3.047027E-6	0.000160
2.550989E-6	0.000180
4.015485E-6	0.000200
3.413155E-6	0.000220
3.318675E-6	0.000240
3.129697E-6	0.000260
3.767480E-6	0.000280
3.283239E-6	0.000300
2.928924E-6	0.000320
2.728148E-6	0.000340
3.129719E-6	0.000360
2.763591E-6	0.000381
3.176954E-6	0.000401
3.212384E-6	0.000421
3.176963E-6	0.000441
3.661191E-6	0.000461
3.342304E-6	0.000481
3.472243E-6	0.000501
3.354133E-6	0.000521
3.484036E-6	0.000541
3.720243E-6	0.000561
3.318686E-6	0.000581
3.826550E-6	0.000601
3.330530E-6	0.000621
3.554924E-6	0.000641
3.271447E-6	0.000661
3.472209E-6	0.000681
3.401356E-6	0.000701
3.082483E-6	0.000721
3.330510E-6	0.000741
3.448602E-6	0.000761
3.330520E-6	0.000781
3.295070E-6	0.000801
3.271431E-6	0.000821
3.495859E-6	0.000841
3.011608E-6	0.000861
3.354122E-6	0.000882
3.519453E-6	0.000902
3.566707E-6	0.000922
3.377723E-6	0.000942
2.822640E-6	0.000962
3.200583E-6	0.000982
3.673003E-6	0.001002
2.952576E-6	0.001022
3.554895E-6	0.001042
3.460431E-6	0.001062
3.035268E-6	0.001082
3.802954E-6	0.001102
3.507663E-6	0.001122
3.554887E-6	0.001142
3.176978E-6	0.001162
3.448604E-6	0.001182
3.129724E-6	0.001202
3.991883E-6	0.001223
3.247826E-6	0.001243
3.424999E-6	0.001263
3.165160E-6	0.001283
3.413181E-6	0.001303
2.893525E-6	0.001322
3.779309E-6	0.001342
3.436802E-6	0.001362
2.988012E-6	0.001383
3.259665E-6	0.001403
4.192672E-6	0.001423
4.133612E-6	0.001443
3.661191E-6	0.001463
3.330506E-6	0.001483
3.330510E-6	0.001503
3.956453E-6	0.001523
3.802928E-6	0.001543
3.554918E-6	0.001563
0.002773	0.001583
0.002772	0.001603
0.002773	0.001623
0.002774	0.001644
0.002774	0.001663
0.002775	0.001683
0.002775	0.001703
0.002775	0.001723
0.002778	0.001743
0.002781	0.001763
0.002782	0.001783
0.002782	0.001803
0.002782	0.001823
0.002783	0.001843
0.002783	0.001863
0.002782	0.001884
0.002783	0.001904
0.002783	0.001924
0.002783	0.001944
0.002784	0.001964
0.002784	0.001984
0.002784	0.002004
0.002784	0.002024
0.002783	0.002044
0.002785	0.002064
0.002784	0.002084
0.002784	0.002104
0.002784	0.002124
0.002785	0.002144
0.002784	0.002164
0.002785	0.002184
0.002785	0.002204
0.002784	0.002225
0.002785	0.002245
0.002785	0.002264
0.002785	0.002285
0.002784	0.002304
0.002784	0.002325
0.002785	0.002344
0.002785	0.002364
0.002785	0.002385
0.002785	0.002405
0.002785	0.002425
0.002785	0.002445
0.002785	0.002465
0.002785	0.002485
0.002785	0.002505
0.002785	0.002525
0.002785	0.002545
0.002785	0.002565
0.002785	0.002585
0.002784	0.002605
0.002785	0.002626
0.002785	0.002645
0.002784	0.002666
0.002784	0.002685
0.002785	0.002705
0.002784	0.002725
0.002784	0.002745
0.002784	0.002765
0.002785	0.002785
0.002784	0.002805
0.002785	0.002825
0.002782	0.002845
0.002783	0.002866
0.002784	0.002886
0.002784	0.002906
0.002785	0.002926
0.002783	0.002946
0.002784	0.002966
0.002778	0.002986
0.002782	0.003006
0.002780	0.003026
0.002780	0.003046
0.002778	0.003066
0.002780	0.003086
0.002780	0.003106
0.002778	0.003126
0.002782	0.003146
0.002785	0.003166
0.002778	0.003186
0.002778	0.003207
0.002778	0.003227
0.002779	0.003247
0.002780	0.003267
0.002781	0.003287
0.002777	0.003306
0.002779	0.003326
0.002782	0.003346
0.002782	0.003366
0.002782	0.003387
0.002779	0.003407
0.002782	0.003427
0.002780	0.003447
0.002780	0.003467
0.002780	0.003487
0.002781	0.003507
0.002780	0.003527
0.002781	0.003547
0.002781	0.003567
0.002780	0.003587
0.002780	0.003607
0.002778	0.003627
0.002781	0.003647
0.002782	0.003667
0.002776	0.003687
0.002781	0.003707
0.002783	0.003727
0.002783	0.003747
0.002782	0.003767
0.002781	0.003787
0.002781	0.003807
0.002781	0.003827
0.002782	0.003847
0.002780	0.003868
0.002781	0.003888
0.002781	0.003908
0.002781	0.003928
0.002780	0.003948
0.002781	0.003968
0.002780	0.003988
0.002782	0.004008
0.002781	0.004028
0.002781	0.004048
0.002782	0.004068
0.002783	0.004088
0.002781	0.004108
0.002779	0.004128
0.002782	0.004148
0.002784	0.004168
0.002775	0.004188
0.002781	0.004208
0.002776	0.004228
0.002777	0.004248
0.002779	0.004268
0.002776	0.004288
0.002778	0.004308
0.002778	0.004328
0.002775	0.004348
0.002777	0.004368
0.002775	0.004389
0.002777	0.004409
0.002776	0.004429
0.002776	0.004449
0.002781	0.004469
0.002777	0.004489
0.002775	0.004509
0.002775	0.004529
0.002776	0.004549
0.002777	0.004569
0.002776	0.004589
0.002777	0.004609
0.002776	0.004629
0.002775	0.004649
0.002775	0.004669
0.002778	0.004689
0.002776	0.004709
0.002779	0.004729
0.002782	0.004749
0.002778	0.004769
0.002779	0.004789
0.002776	0.004809
0.002776	0.004829
0.002777	0.004849
0.002777	0.004869
0.002778	0.004890
0.002777	0.004910
0.002781	0.004930
0.002777	0.004950
0.002777	0.004970
0.002777	0.004990
0.002777	0.005010
0.002776	0.005030
0.002777	0.005050
0.002777	0.005070
0.002776	0.005090
0.002778	0.005110
0.002776	0.005130
0.002778	0.005150
0.002778	0.005170
0.002778	0.005190
0.002777	0.005210
0.002777	0.005230
0.002778	0.005250
0.002777	0.005270
0.002778	0.005290
0.002778	0.005310
0.002777	0.005330
0.002777	0.005350
0.002778	0.005370
0.002778	0.005391
0.002778	0.005411
0.002778	0.005431
0.002779	0.005451
0.002779	0.005471
0.002777	0.005491
0.002779	0.005511
0.002779	0.005531
0.002778	0.005551
0.002779	0.005571
0.002778	0.005591
0.002778	0.005611
0.002778	0.005631
0.002778	0.005651
0.002778	0.005671
0.002781	0.005691
0.002778	0.005711
0.002779	0.005731
0.002779	0.005751
0.002779	0.005771
0.002780	0.005791
0.002779	0.005811
0.002779	0.005831
0.002779	0.005851
0.002779	0.005871
0.002779	0.005892
0.002781	0.005912
0.002780	0.005932
0.002782	0.005952
0.002779	0.005972
0.002780	0.005992
0.002779	0.006012
0.002780	0.006032
0.002780	0.006052
0.002780	0.006072
0.002780	0.006092
0.002780	0.006112
0.002781	0.006132
0.002781	0.006152
0.002781	0.006172
0.002781	0.006192
0.002781	0.006212
0.002782	0.006232
0.002781	0.006252
0.002781	0.006272
0.002781	0.006292
0.002781	0.006312
0.002783	0.006332
0.002781	0.006352
0.002782	0.006372
0.002782	0.006393
0.002782	0.006413
0.002782	0.006433
0.002784	0.006453
0.002782	0.006473
0.002785	0.006493
0.002783	0.006513
0.002784	0.006533
0.002784	0.006553
0.002784	0.006573
0.002783	0.006593
0.002784	0.006613
0.002785	0.006633
0.002785	0.006653
0.002783	0.006673
0.002783	0.006693
0.002784	0.006713
0.002784	0.006733
0.002785	0.006753
0.002785	0.006773
0.002785	0.006793
0.002786	0.006813
0.002784	0.006833
0.002784	0.006853
0.002784	0.006873
0.002786	0.006894
0.002784	0.006914
0.002787	0.006934
0.002787	0.006954
0.002785	0.006974
0.002787	0.006994
0.002787	0.007014
0.002786	0.007034
0.002786	0.007054
0.002787	0.007074
0.002788	0.007094
0.002787	0.007114
0.002787	0.007134
0.002788	0.007154
0.002787	0.007174
0.002788	0.007194
0.002790	0.007214
0.002789	0.007234
0.002789	0.007254
0.002790	0.007274
0.002789	0.007294
0.002789	0.007314
0.002789	0.007334
0.002789	0.007354
0.002791	0.007374
0.002791	0.007395
0.002790	0.007415
0.002790	0.007435
0.002791	0.007455
0.002791	0.007475
0.002791	0.007495
0.002791	0.007515
0.002792	0.007535
0.002794	0.007555
0.002795	0.007575
0.002791	0.007595
0.002795	0.007615
0.002794	0.007635
0.002793	0.007655
0.002795	0.007675
0.002795	0.007695
0.002802	0.007715
0.002800	0.007735
0.002794	0.007755
0.002804	0.007775
0.002802	0.007795
0.002802	0.007815
0.002805	0.007835
0.002805	0.007855
0.002806	0.007876
0.002803	0.007896
0.002804	0.007916
0.002805	0.007936
0.002808	0.007956
0.002808	0.007976
0.002810	0.007996
0.002809	0.008016
0.002810	0.008036
0.002809	0.008056
0.002810	0.008076
0.002810	0.008096
0.002811	0.008116
0.002809	0.008136
0.002813	0.008156
0.002816	0.008176
0.002811	0.008196
0.002812	0.008216
0.002817	0.008236
0.002817	0.008256
0.002815	0.008276
0.002817	0.008296
0.002817	0.008316
0.002819	0.008336
0.002820	0.008356
0.002819	0.008377
0.002822	0.008397
0.002820	0.008417
0.002818	0.008437
0.002822	0.008457
0.002823	0.008477
0.002825	0.008497
0.002827	0.008517
0.002823	0.008537
0.002826	0.008557
0.002825	0.008577
0.002828	0.008597
0.002831	0.008617
0.002831	0.008637
0.002830	0.008657
0.002832	0.008677
0.002834	0.008697
0.002834	0.008717
0.002837	0.008737
0.002838	0.008757
0.002837	0.008777
0.002840	0.008797
0.002839	0.008817
0.002843	0.008837
0.002843	0.008857
0.002846	0.008878
0.002848	0.008898
0.002849	0.008918
0.002851	0.008938
0.002854	0.008958
0.002856	0.008978
0.002858	0.008998
0.002860	0.009018
0.002863	0.009038
0.002866	0.009058
0.002869	0.009078
0.002871	0.009098
0.002876	0.009118
0.002880	0.009138
0.002883	0.009158
0.002887	0.009178
0.002891	0.009198
0.002895	0.009218
0.002899	0.009238
0.002906	0.009258
0.002911	0.009278
0.002913	0.009298
0.002919	0.009318
0.002926	0.009338
0.002933	0.009358
0.002936	0.009379
0.002944	0.009399
0.002948	0.009419
0.002955	0.009439
0.002961	0.009459
0.002969	0.009479
0.002974	0.009499
0.002982	0.009519
0.002983	0.009539
0.002990	0.009559
0.002998	0.009579
0.003004	0.009599
0.003007	0.009619
0.003015	0.009639
0.003020	0.009659
0.003026	0.009679
0.003033	0.009699
0.003038	0.009719
0.003043	0.009739
0.003048	0.009759
0.003054	0.009779
0.003060	0.009799
0.003066	0.009819
0.003071	0.009839
0.003077	0.009859
0.003083	0.009880
0.003089	0.009900
0.003094	0.009920
0.003101	0.009940
0.003105	0.009960
0.003110	0.009980
0.003117	0.010000
