Voltage[V]	Current[A]	CoilCurrent[A]
2.645651E-6	-1.003854E-7
2.279512E-6	8.575488E-6
2.208653E-6	1.872811E-5
3.177120E-6	2.923903E-5
2.232266E-6	3.978367E-5
2.373998E-6	4.996590E-5
2.185021E-6	5.989441E-5
3.023566E-6	6.996107E-5
2.822788E-6	7.987444E-5
2.421250E-6	8.997070E-5
2.633844E-6	9.988984E-5
2.527544E-6	0.000110
0.000175	0.000120
0.000201	0.000130
0.000227	0.000140
0.000259	0.000150
0.000290	0.000160
0.000318	0.000170
0.000342	0.000180
0.000353	0.000190
0.000357	0.000200
0.000378	0.000210
0.000380	0.000220
0.000381	0.000230
0.000383	0.000240
0.000384	0.000250
0.000411	0.000260
0.000412	0.000270
0.000413	0.000280
0.000414	0.000290
0.000414	0.000300
0.000415	0.000310
0.000415	0.000320
0.000415	0.000330
0.000417	0.000340
0.000416	0.000350
0.000417	0.000360
0.000417	0.000370
0.000418	0.000381
0.000418	0.000391
0.000419	0.000401
0.000419	0.000411
0.000954	0.000421
0.000955	0.000431
0.000957	0.000441
0.000957	0.000451
0.000959	0.000461
0.000961	0.000471
0.000962	0.000481
0.000964	0.000491
0.001058	0.000501
0.001060	0.000511
0.001063	0.000521
0.001065	0.000531
0.001067	0.000541
0.001068	0.000551
0.001069	0.000561
0.001071	0.000571
0.001072	0.000581
0.001073	0.000591
0.001075	0.000601
0.001076	0.000611
0.001077	0.000621
0.001078	0.000631
0.001079	0.000641
0.001080	0.000651
0.001081	0.000661
0.001082	0.000671
0.001083	0.000681
0.001083	0.000691
0.001084	0.000701
0.001085	0.000712
0.001086	0.000721
0.001087	0.000732
0.001087	0.000741
0.001088	0.000752
0.001088	0.000761
0.001089	0.000772
0.001090	0.000781
0.001090	0.000792
0.001091	0.000801
0.001091	0.000811
0.001092	0.000821
0.001093	0.000831
0.001094	0.000841
0.001093	0.000851
0.001094	0.000861
0.001094	0.000871
0.001095	0.000882
0.001096	0.000892
0.001096	0.000902
0.001097	0.000912
0.001097	0.000922
0.001097	0.000932
0.001097	0.000942
0.001098	0.000952
0.001098	0.000962
0.001099	0.000972
0.001099	0.000982
0.001100	0.000992
0.001100	0.001002
0.001100	0.001012
0.001101	0.001022
0.001101	0.001032
0.001102	0.001042
0.001102	0.001052
0.001103	0.001062
0.001103	0.001072
0.001104	0.001082
0.001103	0.001092
0.001105	0.001102
0.001104	0.001112
0.001105	0.001122
0.001106	0.001133
0.001106	0.001142
0.001106	0.001153
0.001106	0.001162
0.001106	0.001173
0.001107	0.001182
0.001108	0.001192
0.001108	0.001202
0.001108	0.001212
0.001108	0.001223
0.001109	0.001232
0.001108	0.001243
0.001109	0.001252
0.001110	0.001263
0.001111	0.001272
0.001110	0.001283
0.001111	0.001292
0.001112	0.001303
0.001112	0.001312
0.001113	0.001322
0.001113	0.001332
0.002757	0.001342
0.002757	0.001352
0.002759	0.001362
0.002760	0.001373
0.002760	0.001383
0.002761	0.001393
0.002762	0.001403
0.002762	0.001413
0.002763	0.001423
0.002763	0.001433
0.002764	0.001443
0.002764	0.001453
0.002764	0.001463
0.002765	0.001473
0.002765	0.001483
0.002767	0.001493
0.002767	0.001503
0.002767	0.001513
0.002767	0.001523
0.002767	0.001533
0.002768	0.001543
0.002768	0.001553
0.002769	0.001563
0.002769	0.001573
0.002769	0.001583
0.002770	0.001593
0.002770	0.001603
0.002770	0.001613
0.002771	0.001623
0.002771	0.001633
0.002771	0.001644
0.002770	0.001653
0.002771	0.001663
0.002772	0.001673
0.002772	0.001684
0.002772	0.001693
0.002772	0.001703
0.002772	0.001714
0.002773	0.001723
0.002773	0.001734
0.002776	0.001743
0.002772	0.001754
0.002776	0.001763
0.002778	0.001774
0.002778	0.001783
0.002779	0.001794
0.002779	0.001803
0.002779	0.001814
0.002779	0.001823
0.002779	0.001834
0.002780	0.001843
0.002780	0.001853
0.002780	0.001863
0.002780	0.001873
0.002780	0.001884
0.002780	0.001894
0.002780	0.001904
0.002781	0.001914
0.002780	0.001924
0.002781	0.001934
0.002781	0.001944
0.002781	0.001954
0.002781	0.001964
0.002782	0.001974
0.002782	0.001984
0.002782	0.001994
0.002782	0.002004
0.002782	0.002014
0.002782	0.002024
0.002782	0.002034
0.002782	0.002044
0.002782	0.002054
0.002783	0.002064
0.002783	0.002074
0.002783	0.002084
0.002783	0.002094
0.002783	0.002104
0.002783	0.002114
0.002783	0.002124
0.002783	0.002134
0.002783	0.002144
0.002783	0.002154
0.002783	0.002164
0.002784	0.002174
0.002783	0.002184
0.002783	0.002194
0.002783	0.002204
0.002784	0.002214
0.002784	0.002225
0.002784	0.002234
0.002784	0.002245
0.002784	0.002254
0.002784	0.002264
0.002784	0.002274
0.002784	0.002285
0.002785	0.002294
0.002785	0.002304
0.002785	0.002314
0.002784	0.002325
0.002785	0.002334
0.002785	0.002344
0.002785	0.002354
0.002785	0.002364
0.002784	0.002375
0.002785	0.002385
0.002785	0.002395
0.002785	0.002405
0.002785	0.002415
0.002786	0.002425
0.002785	0.002435
0.002785	0.002445
0.002785	0.002455
0.002785	0.002465
0.002786	0.002475
0.002785	0.002485
0.002786	0.002495
0.002786	0.002505
0.002786	0.002515
0.002786	0.002525
0.002786	0.002535
0.002786	0.002545
0.002786	0.002555
0.002786	0.002565
0.002786	0.002575
0.002786	0.002585
0.002786	0.002595
0.002786	0.002605
0.002786	0.002615
0.002786	0.002626
0.002786	0.002635
0.002786	0.002645
0.002786	0.002655
0.002786	0.002666
0.002786	0.002675
0.002787	0.002685
0.002786	0.002695
0.002786	0.002705
0.002786	0.002716
0.002786	0.002725
0.002786	0.002736
0.002787	0.002745
0.002787	0.002756
0.002788	0.002765
0.002786	0.002775
0.002786	0.002785
0.002786	0.002795
0.002786	0.002805
0.002787	0.002815
0.002787	0.002825
0.002787	0.002835
0.002787	0.002845
0.002786	0.002855
0.002786	0.002866
0.002787	0.002876
0.002787	0.002886
0.002786	0.002896
0.002787	0.002906
0.002787	0.002916
0.002786	0.002926
0.002787	0.002936
0.002787	0.002946
0.002787	0.002956
0.002786	0.002966
0.002788	0.002976
0.002788	0.002986
0.002786	0.002996
0.002787	0.003006
0.002787	0.003016
0.002786	0.003026
0.002786	0.003036
0.002787	0.003046
0.002786	0.003056
0.002786	0.003066
0.002787	0.003076
0.002787	0.003086
0.002787	0.003096
0.002787	0.003106
0.002787	0.003116
0.002787	0.003126
0.002787	0.003136
0.002787	0.003146
0.002786	0.003156
0.002787	0.003166
0.002787	0.003176
0.002786	0.003186
0.002785	0.003196
0.002785	0.003207
0.002785	0.003216
0.002786	0.003227
0.002786	0.003236
0.002786	0.003247
0.002784	0.003256
0.002786	0.003267
0.002784	0.003276
0.002785	0.003287
0.002787	0.003296
0.002786	0.003306
0.002786	0.003316
0.002785	0.003326
0.002785	0.003336
0.002786	0.003346
0.002785	0.003356
0.002786	0.003366
0.002787	0.003377
0.002786	0.003387
0.002787	0.003397
0.002786	0.003407
0.002786	0.003417
0.002785	0.003427
0.002787	0.003437
0.002786	0.003447
0.002784	0.003457
0.002786	0.003467
0.002787	0.003477
0.002785	0.003487
0.002785	0.003497
0.002786	0.003507
0.002785	0.003517
0.002786	0.003527
0.002787	0.003537
0.002785	0.003547
0.002786	0.003557
0.002786	0.003567
0.002786	0.003577
0.002784	0.003587
0.002786	0.003597
0.002788	0.003607
0.002785	0.003617
0.002786	0.003627
0.002786	0.003637
0.002785	0.003647
0.002784	0.003657
0.002786	0.003667
0.002787	0.003677
0.002785	0.003687
0.002787	0.003697
0.002785	0.003707
0.002785	0.003718
0.002785	0.003727
0.002784	0.003738
0.002785	0.003747
0.002784	0.003757
0.002786	0.003767
0.002785	0.003777
0.002784	0.003787
0.002786	0.003797
0.002787	0.003807
0.002788	0.003817
0.002785	0.003827
0.002787	0.003837
0.002788	0.003847
0.002787	0.003857
0.002788	0.003868
0.002787	0.003878
0.002787	0.003888
0.002787	0.003898
0.002789	0.003908
0.002788	0.003918
0.002785	0.003928
0.002788	0.003938
0.002785	0.003948
0.002786	0.003958
0.002787	0.003968
0.002787	0.003978
0.002787	0.003988
0.002787	0.003998
0.002786	0.004008
0.002786	0.004018
0.002786	0.004028
0.002790	0.004038
0.002786	0.004048
0.002786	0.004058
0.002787	0.004068
0.002787	0.004078
0.002787	0.004088
0.002789	0.004098
0.002787	0.004108
0.002787	0.004118
0.002787	0.004128
0.002787	0.004138
0.002788	0.004148
0.002788	0.004158
0.002788	0.004168
0.002788	0.004178
0.002788	0.004188
0.002787	0.004198
0.002788	0.004208
0.002785	0.004218
0.002788	0.004228
0.002788	0.004238
0.002788	0.004248
0.002787	0.004258
0.002786	0.004268
0.002785	0.004278
0.002786	0.004288
0.002787	0.004298
0.002788	0.004308
0.002788	0.004318
0.002787	0.004328
0.002788	0.004338
0.002789	0.004348
0.002786	0.004358
0.002788	0.004368
0.002788	0.004379
0.002785	0.004389
0.002789	0.004399
0.002789	0.004409
0.002787	0.004419
0.002785	0.004429
0.002787	0.004439
0.002789	0.004449
0.002788	0.004459
0.002790	0.004469
0.002789	0.004479
0.002790	0.004489
0.002790	0.004499
0.002789	0.004509
0.002790	0.004519
0.002789	0.004529
0.002789	0.004539
0.002789	0.004549
0.002790	0.004559
0.002789	0.004569
0.002790	0.004579
0.002789	0.004589
0.002791	0.004599
0.002790	0.004609
0.002789	0.004619
0.002791	0.004629
0.002789	0.004639
0.002790	0.004649
0.002789	0.004659
0.002789	0.004669
0.002790	0.004679
0.002790	0.004689
0.002789	0.004699
0.002789	0.004709
0.002790	0.004720
0.002788	0.004729
0.002790	0.004739
0.002790	0.004749
0.002790	0.004759
0.002790	0.004769
0.002789	0.004779
0.002791	0.004789
0.002791	0.004799
0.002790	0.004809
0.002790	0.004819
0.002790	0.004829
0.002791	0.004839
0.002791	0.004849
0.002790	0.004859
0.002791	0.004869
0.002791	0.004880
0.002790	0.004890
0.002790	0.004900
0.002791	0.004910
0.002790	0.004920
0.002791	0.004930
0.002791	0.004940
0.002790	0.004950
0.002791	0.004960
0.002791	0.004970
0.002790	0.004980
0.002790	0.004990
0.002791	0.005000
