Voltage[V]	Current[A]	CoilCurrent[A]
2.692874E-6	-1.044504E-7
2.846391E-6	6.805476E-6
2.952682E-6	1.488090E-5
2.562945E-6	2.314156E-5
2.929051E-6	3.152768E-5
2.716481E-6	3.981447E-5
2.822757E-6	4.794566E-5
3.129848E-6	5.584915E-5
2.539336E-6	6.392513E-5
2.574763E-6	7.179789E-5
2.964487E-6	7.986523E-5
2.409432E-6	8.794404E-5
3.342429E-6	9.585170E-5
2.574741E-6	0.000104
2.173205E-6	0.000112
2.468461E-6	0.000120
2.562938E-6	0.000128
2.373983E-6	0.000136
2.244082E-6	0.000144
2.303112E-6	0.000152
2.338549E-6	0.000160
2.574754E-6	0.000168
2.314930E-6	0.000176
2.799154E-6	0.000184
2.704675E-6	0.000192
2.728289E-6	0.000200
2.291292E-6	0.000208
2.822784E-6	0.000216
2.740097E-6	0.000224
2.362165E-6	0.000232
2.657416E-6	0.000240
2.799145E-6	0.000248
2.125958E-6	0.000256
2.716468E-6	0.000264
2.716473E-6	0.000272
2.598366E-6	0.000280
2.704674E-6	0.000288
3.212499E-6	0.000296
2.893630E-6	0.000304
2.621990E-6	0.000312
2.751900E-6	0.000320
2.066894E-6	0.000328
2.409422E-6	0.000336
2.846396E-6	0.000344
2.740106E-6	0.000352
2.456667E-6	0.000360
2.834586E-6	0.000368
2.716482E-6	0.000377
2.220442E-6	0.000385
2.810966E-6	0.000393
2.515695E-6	0.000401
2.858202E-6	0.000409
2.645649E-6	0.000417
2.763734E-6	0.000425
3.118048E-6	0.000433
2.527524E-6	0.000441
2.775538E-6	0.000449
3.507770E-6	0.000457
2.645629E-6	0.000465
2.480272E-6	0.000473
3.118044E-6	0.000481
2.657422E-6	0.000489
2.291315E-6	0.000497
2.952704E-6	0.000505
3.188912E-6	0.000513
2.846396E-6	0.000521
3.035371E-6	0.000529
2.976323E-6	0.000537
2.976303E-6	0.000545
2.409399E-6	0.000553
2.503892E-6	0.000561
2.988114E-6	0.000569
3.448728E-6	0.000577
3.082616E-6	0.000585
2.940891E-6	0.000593
2.598392E-6	0.000601
2.787343E-6	0.000609
2.787350E-6	0.000617
2.633820E-6	0.000626
3.153484E-6	0.000633
2.881856E-6	0.000641
2.657451E-6	0.000649
2.551162E-6	0.000657
2.976323E-6	0.000666
3.177085E-6	0.000673
2.303108E-6	0.000681
2.740107E-6	0.000690
0.001337	0.000697
0.001338	0.000706
0.001339	0.000713
0.001339	0.000721
0.001340	0.000730
0.001341	0.000737
0.001341	0.000745
0.001342	0.000754
0.001343	0.000761
0.001344	0.000769
0.001345	0.000777
0.001345	0.000785
0.001346	0.000794
0.001347	0.000801
0.001349	0.000809
0.001349	0.000818
0.001350	0.000825
0.001351	0.000834
0.001352	0.000841
0.001354	0.000849
0.001497	0.000858
0.001499	0.000865
0.002541	0.000873
0.002552	0.000882
0.002561	0.000890
0.002570	0.000898
0.002579	0.000906
0.002587	0.000914
0.002595	0.000922
0.002603	0.000930
0.002611	0.000938
0.002617	0.000946
0.002624	0.000954
0.002630	0.000962
0.002636	0.000970
0.002642	0.000978
0.002648	0.000986
0.002653	0.000994
0.002659	0.001002
0.002663	0.001010
0.002668	0.001018
0.002673	0.001026
0.002677	0.001034
0.002682	0.001042
0.002686	0.001050
0.002689	0.001058
0.002693	0.001066
0.002697	0.001074
0.002699	0.001082
0.002703	0.001090
0.002706	0.001098
0.002708	0.001106
0.002711	0.001114
0.002714	0.001122
0.002717	0.001131
0.002719	0.001138
0.002721	0.001146
0.002723	0.001155
0.002725	0.001162
0.002727	0.001170
0.002730	0.001179
0.002731	0.001186
0.002733	0.001194
0.002735	0.001202
0.002736	0.001210
0.002737	0.001219
0.002738	0.001226
0.002740	0.001234
0.002742	0.001243
0.002742	0.001250
0.002743	0.001259
0.002745	0.001266
0.002746	0.001274
0.002747	0.001283
0.002748	0.001290
0.002749	0.001298
0.002750	0.001307
0.002750	0.001314
0.002751	0.001322
0.002752	0.001330
0.002753	0.001338
0.002754	0.001347
0.002755	0.001354
0.002756	0.001362
0.002756	0.001371
0.002756	0.001379
0.002757	0.001387
0.002758	0.001395
0.002758	0.001403
0.002758	0.001411
0.002759	0.001419
0.002759	0.001427
0.002760	0.001435
0.002761	0.001443
0.002761	0.001451
0.002761	0.001459
0.002762	0.001467
0.002763	0.001475
0.002763	0.001483
0.002763	0.001491
0.002764	0.001499
0.002764	0.001507
0.002765	0.001515
0.002765	0.001523
0.002765	0.001531
0.002765	0.001539
0.002766	0.001547
0.002766	0.001555
0.002767	0.001563
0.002767	0.001571
0.002767	0.001579
0.002768	0.001587
0.002768	0.001595
0.002768	0.001603
0.002768	0.001611
0.002769	0.001619
0.002769	0.001628
0.002769	0.001635
0.002769	0.001644
0.002769	0.001651
0.002769	0.001659
0.002770	0.001668
0.002770	0.001675
0.002770	0.001683
0.002771	0.001692
0.002771	0.001699
0.002770	0.001708
0.002771	0.001715
0.002770	0.001723
0.002771	0.001732
0.002772	0.001739
0.002772	0.001747
0.002772	0.001756
0.002776	0.001763
0.002776	0.001772
0.002776	0.001779
0.002777	0.001787
0.002777	0.001796
0.002777	0.001803
0.002777	0.001812
0.002778	0.001820
0.002778	0.001827
0.002778	0.001835
0.002779	0.001843
0.002778	0.001851
0.002778	0.001860
0.002779	0.001867
0.002779	0.001876
0.002779	0.001884
0.002780	0.001892
0.002779	0.001900
0.002779	0.001908
0.002779	0.001916
0.002780	0.001924
0.002779	0.001932
0.002780	0.001940
0.002779	0.001948
0.002780	0.001956
0.002779	0.001964
0.002780	0.001972
0.002780	0.001980
0.002780	0.001988
0.002781	0.001996
0.002781	0.002004
0.002781	0.002012
0.002781	0.002020
0.002780	0.002028
0.002781	0.002036
0.002781	0.002044
0.002781	0.002052
0.002780	0.002060
0.002781	0.002068
0.002781	0.002076
0.002781	0.002084
0.002780	0.002092
0.002782	0.002100
0.002782	0.002108
0.002781	0.002116
0.002781	0.002124
0.002782	0.002132
0.002782	0.002140
0.002783	0.002148
0.002782	0.002157
0.002782	0.002164
0.002782	0.002172
0.002782	0.002181
0.002782	0.002188
0.002782	0.002196
0.002783	0.002204
0.002782	0.002212
0.002782	0.002220
0.002783	0.002228
0.002782	0.002236
0.002783	0.002245
0.002783	0.002252
0.002783	0.002260
0.002783	0.002268
0.002783	0.002276
0.002783	0.002285
0.002783	0.002292
0.002783	0.002300
0.002784	0.002308
0.002784	0.002316
0.002783	0.002325
0.002784	0.002332
0.002784	0.002340
0.002784	0.002349
0.002784	0.002356
0.002784	0.002364
0.002784	0.002373
0.002784	0.002381
0.002784	0.002389
0.002784	0.002397
0.002784	0.002405
0.002785	0.002413
0.002785	0.002421
0.002784	0.002429
0.002785	0.002437
0.002784	0.002445
0.002784	0.002453
0.002784	0.002461
0.002784	0.002469
0.002785	0.002477
0.002784	0.002485
0.002784	0.002493
0.002785	0.002501
0.002785	0.002509
0.002785	0.002517
0.002785	0.002525
0.002785	0.002533
0.002785	0.002541
0.002786	0.002549
0.002786	0.002557
0.002785	0.002565
0.002785	0.002573
0.002785	0.002581
0.002785	0.002589
0.002785	0.002597
0.002785	0.002605
0.002786	0.002613
0.002785	0.002621
0.002785	0.002630
0.002785	0.002637
0.002785	0.002645
0.002785	0.002653
0.002786	0.002661
0.002785	0.002670
0.002785	0.002677
0.002785	0.002685
0.002786	0.002694
0.002785	0.002701
0.002786	0.002709
0.002785	0.002717
0.002786	0.002725
0.002786	0.002733
0.002785	0.002741
0.002785	0.002749
0.002785	0.002758
0.002786	0.002765
0.002785	0.002773
0.002786	0.002781
0.002786	0.002789
0.002786	0.002797
0.002786	0.002805
0.002785	0.002813
0.002786	0.002822
0.002786	0.002829
0.002785	0.002837
0.002786	0.002845
0.002786	0.002853
0.002786	0.002861
0.002786	0.002869
0.002786	0.002878
0.002785	0.002886
0.002786	0.002894
0.002785	0.002902
0.002786	0.002910
0.002785	0.002918
0.002786	0.002926
0.002786	0.002934
0.002785	0.002942
0.002786	0.002950
0.002786	0.002958
0.002785	0.002966
0.002785	0.002974
0.002785	0.002982
0.002786	0.002990
0.002785	0.002998
0.002786	0.003006
0.002785	0.003014
0.002785	0.003022
0.002785	0.003030
0.002785	0.003038
0.002786	0.003046
0.002786	0.003054
0.002786	0.003062
0.002785	0.003070
0.002785	0.003078
0.002786	0.003086
0.002785	0.003094
0.002786	0.003102
0.002786	0.003110
0.002786	0.003118
0.002786	0.003126
0.002785	0.003134
0.002786	0.003143
0.002786	0.003150
0.002786	0.003159
0.002786	0.003166
0.002785	0.003174
0.002786	0.003183
0.002786	0.003190
0.002785	0.003198
0.002785	0.003207
0.002786	0.003214
0.002787	0.003223
0.002786	0.003230
0.002785	0.003238
0.002786	0.003247
0.002787	0.003254
0.002786	0.003262
0.002786	0.003271
0.002786	0.003278
0.002785	0.003286
0.002787	0.003294
0.002786	0.003302
0.002785	0.003311
0.002787	0.003318
0.002785	0.003326
0.002787	0.003335
0.002786	0.003342
0.002786	0.003350
0.002785	0.003358
0.002786	0.003366
0.002785	0.003375
0.002786	0.003383
0.002787	0.003391
0.002786	0.003399
0.002786	0.003407
0.002786	0.003415
0.002787	0.003423
0.002787	0.003431
0.002785	0.003439
0.002786	0.003447
0.002786	0.003455
0.002786	0.003463
0.002785	0.003471
0.002787	0.003479
0.002786	0.003487
0.002786	0.003495
0.002786	0.003503
0.002786	0.003511
0.002786	0.003519
0.002785	0.003527
0.002786	0.003535
0.002786	0.003543
0.002786	0.003551
0.002786	0.003559
0.002785	0.003567
0.002786	0.003575
0.002786	0.003583
0.002786	0.003591
0.002785	0.003599
0.002786	0.003607
0.002786	0.003615
0.002788	0.003623
0.002788	0.003632
0.002785	0.003639
0.002785	0.003647
0.002786	0.003655
0.002787	0.003663
0.002787	0.003671
0.002786	0.003679
0.002787	0.003687
0.002786	0.003696
0.002786	0.003703
0.002786	0.003711
0.002787	0.003719
0.002787	0.003727
0.002787	0.003735
0.002787	0.003743
0.002787	0.003751
0.002787	0.003760
0.002787	0.003767
0.002788	0.003775
0.002785	0.003783
0.002786	0.003791
0.002787	0.003799
0.002787	0.003807
0.002786	0.003815
0.002786	0.003823
0.002786	0.003831
0.002786	0.003839
0.002788	0.003847
0.002787	0.003855
0.002786	0.003863
0.002786	0.003871
0.002787	0.003880
0.002786	0.003888
0.002785	0.003896
0.002787	0.003904
0.002786	0.003912
0.002786	0.003920
0.002786	0.003928
0.002787	0.003936
0.002789	0.003944
0.002787	0.003952
0.002787	0.003960
0.002787	0.003968
0.002787	0.003976
0.002787	0.003984
0.002786	0.003992
0.002788	0.004000
