Voltage[V]	Current[A]	CoilCurrent[A]
3.956568E-6	-1.021276E-7
3.991989E-6	8.572012E-6
3.614068E-6	1.872348E-5
3.791225E-6	2.923442E-5
3.484138E-6	3.978313E-5
3.200701E-6	4.996595E-5
3.507768E-6	5.988863E-5
3.507759E-6	6.995941E-5
3.366036E-6	7.987280E-5
3.673109E-6	8.997374E-5
3.897499E-6	9.988483E-5
3.614048E-6	0.000110
3.401477E-6	0.000120
3.448720E-6	0.000130
3.271551E-6	0.000140
3.755780E-6	0.000150
2.716461E-6	0.000160
3.425090E-6	0.000170
2.834568E-6	0.000180
2.799145E-6	0.000190
3.236122E-6	0.000200
3.153449E-6	0.000210
3.224315E-6	0.000220
3.625868E-6	0.000230
2.621997E-6	0.000240
2.740084E-6	0.000250
3.129833E-6	0.000260
3.425099E-6	0.000270
3.460529E-6	0.000280
3.885696E-6	0.000290
3.389670E-6	0.000300
3.047177E-6	0.000310
2.870016E-6	0.000320
3.696734E-6	0.000330
3.177094E-6	0.000340
3.318819E-6	0.000350
4.039261E-6	0.000360
3.519574E-6	0.000370
3.295181E-6	0.000381
2.929077E-6	0.000391
3.188881E-6	0.000401
3.791243E-6	0.000411
3.295201E-6	0.000421
3.543219E-6	0.000431
3.035368E-6	0.000441
3.472365E-6	0.000451
2.893641E-6	0.000461
3.153464E-6	0.000471
3.177089E-6	0.000481
3.247942E-6	0.000491
3.307008E-6	0.000501
3.436915E-6	0.000511
3.708556E-6	0.000521
3.413279E-6	0.000531
3.330626E-6	0.000541
3.236160E-6	0.000551
3.236129E-6	0.000561
3.956557E-6	0.000571
3.200725E-6	0.000581
3.495992E-6	0.000591
3.165273E-6	0.000601
3.070782E-6	0.000611
3.543213E-6	0.000621
3.507759E-6	0.000631
3.696736E-6	0.000641
3.058978E-6	0.000651
3.755784E-6	0.000661
3.094432E-6	0.000671
3.200726E-6	0.000681
2.858214E-6	0.000691
3.602256E-6	0.000701
3.236140E-6	0.000712
3.212535E-6	0.000721
3.307021E-6	0.000732
3.862091E-6	0.000741
3.259760E-6	0.000752
2.976296E-6	0.000761
3.023544E-6	0.000772
3.118035E-6	0.000781
3.602268E-6	0.000792
3.614063E-6	0.000801
3.743975E-6	0.000811
4.051062E-6	0.000821
3.708548E-6	0.000831
3.011743E-6	0.000841
3.625884E-6	0.000851
3.909336E-6	0.000861
3.767616E-6	0.000871
3.401508E-6	0.000882
4.121910E-6	0.000892
3.484152E-6	0.000902
3.283401E-6	0.000912
3.082612E-6	0.000922
4.015610E-6	0.000932
3.767596E-6	0.000942
4.393552E-6	0.000952
3.484149E-6	0.000962
3.389667E-6	0.000972
3.826650E-6	0.000982
3.306995E-6	0.000992
3.755800E-6	0.001002
2.810966E-6	0.001012
4.358115E-6	0.001022
3.803032E-6	0.001032
3.708568E-6	0.001042
3.082629E-6	0.001052
3.684952E-6	0.001062
3.472351E-6	0.001072
3.885731E-6	0.001082
3.200721E-6	0.001092
3.708554E-6	0.001102
3.271580E-6	0.001112
3.401494E-6	0.001122
3.425128E-6	0.001133
3.566836E-6	0.001142
3.897523E-6	0.001153
0.000309	0.001162
0.000770	0.001173
0.000770	0.001182
0.000770	0.001192
0.000770	0.001202
0.000770	0.001212
0.000771	0.001223
0.000770	0.001232
0.000771	0.001243
0.000771	0.001252
0.000771	0.001263
0.000771	0.001272
0.000771	0.001283
0.000771	0.001292
0.000771	0.001303
0.000771	0.001312
0.000771	0.001322
0.000772	0.001332
0.000772	0.001342
0.000771	0.001352
0.000772	0.001362
0.000772	0.001373
0.000772	0.001383
0.000772	0.001393
0.000771	0.001403
0.000772	0.001413
0.000772	0.001423
0.000773	0.001433
0.000772	0.001443
0.000772	0.001453
0.000773	0.001463
0.000772	0.001473
0.000773	0.001483
0.000773	0.001493
0.000773	0.001503
0.000772	0.001513
0.000773	0.001523
0.000774	0.001533
0.000773	0.001543
0.000773	0.001553
0.000773	0.001563
0.000773	0.001573
0.002772	0.001583
0.002772	0.001593
0.002772	0.001603
0.002772	0.001613
0.002773	0.001623
0.002773	0.001633
0.002774	0.001644
0.002773	0.001653
0.002774	0.001663
0.002774	0.001673
0.002774	0.001683
0.002775	0.001693
0.002774	0.001703
0.002775	0.001714
0.002775	0.001723
0.002775	0.001734
0.002776	0.001743
0.002781	0.001754
0.002779	0.001763
0.002782	0.001774
0.002781	0.001783
0.002781	0.001794
0.002782	0.001803
0.002782	0.001814
0.002782	0.001823
0.002781	0.001833
0.002782	0.001843
0.002782	0.001853
0.002783	0.001863
0.002783	0.001873
0.002783	0.001884
0.002782	0.001894
0.002783	0.001904
0.002782	0.001914
0.002782	0.001924
0.002783	0.001934
0.002783	0.001944
0.002784	0.001954
0.002783	0.001964
0.002783	0.001974
0.002783	0.001984
0.002784	0.001994
0.002784	0.002004
0.002784	0.002014
0.002784	0.002024
0.002783	0.002034
0.002784	0.002044
0.002784	0.002054
0.002785	0.002064
0.002784	0.002074
0.002784	0.002084
0.002785	0.002094
0.002784	0.002104
0.002784	0.002114
0.002784	0.002124
0.002785	0.002134
0.002784	0.002144
0.002785	0.002155
0.002784	0.002164
0.002785	0.002174
0.002785	0.002184
0.002785	0.002194
0.002785	0.002204
0.002784	0.002214
0.002785	0.002225
0.002785	0.002234
0.002785	0.002245
0.002785	0.002254
0.002784	0.002264
0.002785	0.002274
0.002783	0.002285
0.002785	0.002294
0.002784	0.002304
0.002785	0.002314
0.002785	0.002325
0.002784	0.002334
0.002785	0.002344
0.002785	0.002354
0.002784	0.002364
0.002785	0.002375
0.002785	0.002385
0.002785	0.002395
0.002784	0.002405
0.002784	0.002415
0.002785	0.002425
0.002784	0.002435
0.002784	0.002445
0.002785	0.002455
0.002784	0.002465
0.002784	0.002475
0.002784	0.002485
0.002785	0.002495
0.002785	0.002505
0.002785	0.002515
0.002784	0.002525
0.002783	0.002535
0.002785	0.002545
0.002785	0.002555
0.002784	0.002565
0.002784	0.002575
0.002785	0.002585
0.002785	0.002595
0.002784	0.002605
0.002785	0.002615
0.002785	0.002626
0.002785	0.002635
0.002784	0.002645
0.002784	0.002655
0.002784	0.002666
0.002785	0.002675
0.002784	0.002685
0.002784	0.002695
0.002784	0.002705
0.002784	0.002716
0.002785	0.002725
0.002785	0.002736
0.002784	0.002745
0.002785	0.002756
0.002785	0.002765
0.002783	0.002775
0.002784	0.002785
0.002783	0.002795
0.002784	0.002805
0.002784	0.002815
0.002783	0.002825
0.002783	0.002835
0.002784	0.002845
0.002784	0.002855
0.002784	0.002866
0.002782	0.002876
0.002783	0.002886
0.002782	0.002896
0.002784	0.002906
0.002783	0.002916
0.002783	0.002926
0.002780	0.002936
0.002779	0.002946
0.002781	0.002956
0.002779	0.002966
0.002780	0.002976
0.002780	0.002986
0.002778	0.002996
0.002782	0.003006
0.002780	0.003016
0.002781	0.003026
0.002779	0.003036
0.002778	0.003046
0.002779	0.003056
0.002783	0.003066
0.002782	0.003076
0.002779	0.003086
0.002779	0.003096
0.002783	0.003106
0.002783	0.003116
0.002781	0.003126
0.002783	0.003136
0.002778	0.003146
0.002780	0.003156
0.002783	0.003166
0.002777	0.003176
0.002781	0.003186
0.002781	0.003196
0.002779	0.003207
0.002777	0.003216
0.002781	0.003227
0.002781	0.003236
0.002780	0.003247
0.002781	0.003256
0.002782	0.003267
0.002780	0.003276
0.002777	0.003286
0.002781	0.003296
0.002780	0.003306
0.002781	0.003316
0.002778	0.003326
0.002781	0.003336
0.002783	0.003346
0.002780	0.003356
0.002782	0.003366
0.002780	0.003377
0.002778	0.003387
0.002779	0.003397
0.002782	0.003407
0.002781	0.003417
0.002781	0.003427
0.002782	0.003437
0.002780	0.003447
0.002781	0.003457
0.002782	0.003467
0.002777	0.003477
0.002783	0.003487
0.002781	0.003497
0.002781	0.003507
0.002779	0.003517
0.002777	0.003527
0.002781	0.003537
0.002783	0.003547
0.002781	0.003557
0.002782	0.003567
0.002781	0.003577
0.002781	0.003587
0.002781	0.003597
0.002781	0.003607
0.002781	0.003617
0.002780	0.003627
0.002779	0.003637
0.002782	0.003647
0.002781	0.003657
0.002780	0.003667
0.002781	0.003677
0.002783	0.003687
0.002781	0.003697
0.002781	0.003707
0.002781	0.003718
0.002781	0.003727
0.002781	0.003738
0.002781	0.003747
0.002780	0.003757
0.002777	0.003767
0.002783	0.003777
0.002781	0.003787
0.002778	0.003797
0.002783	0.003807
0.002781	0.003817
0.002781	0.003827
0.002778	0.003837
0.002784	0.003847
0.002781	0.003857
0.002778	0.003868
0.002781	0.003878
0.002783	0.003888
0.002783	0.003898
0.002779	0.003908
0.002780	0.003918
0.002777	0.003928
0.002781	0.003938
0.002777	0.003948
0.002781	0.003958
0.002782	0.003968
0.002780	0.003978
0.002781	0.003988
0.002785	0.003998
0.002784	0.004008
0.002779	0.004018
0.002782	0.004028
0.002782	0.004038
0.002781	0.004048
0.002782	0.004058
0.002781	0.004068
0.002781	0.004078
0.002783	0.004088
0.002782	0.004098
0.002783	0.004108
0.002777	0.004118
0.002788	0.004128
0.002788	0.004138
0.002785	0.004148
0.002783	0.004158
0.002779	0.004168
0.002783	0.004178
0.002784	0.004188
0.002776	0.004198
0.002780	0.004208
0.002781	0.004218
0.002778	0.004228
0.002779	0.004238
0.002786	0.004248
0.002783	0.004258
0.002782	0.004268
0.002776	0.004278
0.002781	0.004288
0.002776	0.004298
0.002781	0.004308
0.002780	0.004318
0.002781	0.004328
0.002781	0.004338
0.002778	0.004348
0.002785	0.004358
0.002782	0.004368
0.002781	0.004379
0.002783	0.004389
0.002785	0.004399
0.002777	0.004409
0.002777	0.004419
0.002779	0.004429
0.002780	0.004439
0.002784	0.004449
0.002777	0.004459
0.002775	0.004469
0.002777	0.004479
0.002782	0.004489
0.002781	0.004499
0.002779	0.004509
0.002778	0.004519
0.002776	0.004529
0.002779	0.004539
0.002778	0.004549
0.002778	0.004559
0.002775	0.004569
0.002775	0.004579
0.002777	0.004589
0.002785	0.004599
0.002776	0.004609
0.002781	0.004619
0.002777	0.004629
0.002776	0.004639
0.002777	0.004649
0.002778	0.004659
0.002776	0.004669
0.002778	0.004679
0.002777	0.004689
0.002776	0.004699
0.002775	0.004709
0.002777	0.004719
0.002775	0.004729
0.002777	0.004739
0.002777	0.004749
0.002775	0.004759
0.002777	0.004769
0.002776	0.004779
0.002776	0.004789
0.002777	0.004799
0.002775	0.004809
0.002775	0.004819
0.002777	0.004829
0.002776	0.004839
0.002777	0.004849
0.002775	0.004859
0.002775	0.004869
0.002778	0.004880
0.002776	0.004890
0.002777	0.004900
0.002777	0.004910
0.002777	0.004920
0.002776	0.004930
0.002777	0.004940
0.002775	0.004950
0.002777	0.004960
0.002776	0.004970
0.002775	0.004980
0.002776	0.004990
0.002776	0.005000
