Voltage[V]	Current[A]	CoilCurrent[A]
2.114180E-6	-1.056119E-7
2.043318E-6	6.807790E-6
2.834617E-6	1.487971E-5
3.188919E-6	2.315199E-5
3.460571E-6	3.153574E-5
2.846406E-6	3.981793E-5
2.102344E-6	4.794679E-5
2.893637E-6	5.585670E-5
3.094416E-6	6.393154E-5
2.999956E-6	7.180015E-5
2.799166E-6	7.986632E-5
3.023586E-6	8.794746E-5
2.598403E-6	9.585102E-5
1.925218E-6	0.000104
2.433071E-6	0.000112
2.444865E-6	0.000120
2.728331E-6	0.000128
2.810984E-6	0.000136
2.279536E-6	0.000144
2.055116E-6	0.000152
2.421239E-6	0.000160
2.704690E-6	0.000168
2.740131E-6	0.000176
2.775556E-6	0.000184
2.350393E-6	0.000192
2.314959E-6	0.000200
2.397623E-6	0.000208
1.653576E-6	0.000216
2.196864E-6	0.000224
2.421260E-6	0.000232
2.492117E-6	0.000240
2.598412E-6	0.000248
2.267709E-6	0.000256
0.000413	0.000264
0.000414	0.000272
0.000415	0.000280
0.000415	0.000288
0.000415	0.000296
0.000416	0.000304
0.000417	0.000312
0.000417	0.000320
0.000417	0.000328
0.000418	0.000336
0.000418	0.000344
0.000418	0.000352
0.000419	0.000360
0.000419	0.000368
0.000951	0.000377
0.000952	0.000385
0.000953	0.000393
0.000955	0.000401
0.000956	0.000409
0.000957	0.000417
0.000958	0.000425
0.000960	0.000433
0.000961	0.000441
0.000963	0.000449
0.001057	0.000457
0.001060	0.000465
0.001062	0.000473
0.001064	0.000481
0.001065	0.000489
0.001068	0.000497
0.001069	0.000505
0.001070	0.000513
0.001072	0.000521
0.001073	0.000529
0.001075	0.000537
0.001076	0.000545
0.001077	0.000553
0.001078	0.000561
0.001079	0.000569
0.001080	0.000577
0.001081	0.000585
0.001082	0.000593
0.001083	0.000601
0.001083	0.000609
0.001084	0.000617
0.001085	0.000626
0.001086	0.000633
0.001086	0.000641
0.001087	0.000649
0.001088	0.000657
0.001088	0.000666
0.001089	0.000673
0.001090	0.000681
0.001090	0.000690
0.001091	0.000697
0.001092	0.000706
0.001092	0.000713
0.001092	0.000721
0.001093	0.000730
0.001094	0.000737
0.001094	0.000745
0.001095	0.000754
0.001095	0.000761
0.001096	0.000769
0.001097	0.000777
0.001097	0.000785
0.001097	0.000794
0.001098	0.000801
0.001098	0.000809
0.001098	0.000818
0.001099	0.000825
0.001099	0.000834
0.001099	0.000841
0.001100	0.000849
0.001100	0.000858
0.001101	0.000865
0.001101	0.000873
0.001101	0.000882
0.001102	0.000890
0.001102	0.000898
0.001103	0.000906
0.001103	0.000914
0.001103	0.000922
0.001104	0.000930
0.001104	0.000938
0.001105	0.000946
0.001105	0.000954
0.001106	0.000962
0.001106	0.000970
0.001107	0.000978
0.001107	0.000986
0.001107	0.000994
0.001109	0.001002
0.001108	0.001010
0.001108	0.001018
0.001109	0.001026
0.001109	0.001034
0.001110	0.001042
0.001110	0.001050
0.001110	0.001058
0.001111	0.001066
0.001112	0.001074
0.001112	0.001082
0.001112	0.001090
0.001113	0.001098
0.001337	0.001106
0.001337	0.001114
0.001337	0.001122
0.001337	0.001131
0.001338	0.001138
0.001338	0.001146
0.001339	0.001155
0.001339	0.001162
0.001339	0.001170
0.001340	0.001179
0.001340	0.001186
0.001341	0.001194
0.001340	0.001202
0.001341	0.001210
0.001341	0.001219
0.001341	0.001226
0.001342	0.001234
0.001342	0.001243
0.001342	0.001250
0.001342	0.001259
0.001343	0.001266
0.001344	0.001274
0.001344	0.001283
0.001344	0.001290
0.001344	0.001298
0.001344	0.001307
0.001345	0.001314
0.001346	0.001322
0.001346	0.001330
0.001346	0.001338
0.001346	0.001347
0.001347	0.001354
0.001347	0.001362
0.001348	0.001371
0.001348	0.001379
0.001349	0.001387
0.001349	0.001395
0.001350	0.001403
0.001351	0.001411
0.001352	0.001419
0.001482	0.001427
0.002763	0.001435
0.002763	0.001443
0.002764	0.001451
0.002764	0.001459
0.002764	0.001467
0.002764	0.001475
0.002765	0.001483
0.002765	0.001491
0.002766	0.001499
0.002766	0.001507
0.002767	0.001515
0.002766	0.001523
0.002767	0.001531
0.002768	0.001539
0.002767	0.001547
0.002768	0.001555
0.002769	0.001563
0.002768	0.001571
0.002769	0.001579
0.002769	0.001587
0.002769	0.001595
0.002770	0.001603
0.002770	0.001611
0.002770	0.001619
0.002771	0.001628
0.002770	0.001635
0.002771	0.001644
0.002771	0.001651
0.002771	0.001659
0.002771	0.001668
0.002772	0.001675
0.002772	0.001684
0.002772	0.001692
0.002772	0.001699
0.002772	0.001708
0.002772	0.001715
0.002773	0.001723
0.002773	0.001732
0.002773	0.001739
0.002773	0.001747
0.002774	0.001756
0.002775	0.001763
0.002778	0.001772
0.002777	0.001779
0.002778	0.001787
0.002779	0.001796
0.002778	0.001803
0.002779	0.001812
0.002779	0.001820
0.002780	0.001827
0.002779	0.001836
0.002779	0.001843
0.002779	0.001851
0.002779	0.001860
0.002779	0.001867
0.002780	0.001876
0.002780	0.001884
0.002779	0.001892
0.002780	0.001900
0.002781	0.001908
0.002779	0.001916
0.002780	0.001924
0.002780	0.001932
0.002780	0.001940
0.002781	0.001948
0.002781	0.001956
0.002781	0.001964
0.002781	0.001972
0.002781	0.001980
0.002781	0.001988
0.002781	0.001996
0.002782	0.002004
0.002781	0.002012
0.002782	0.002020
0.002782	0.002028
0.002781	0.002036
0.002782	0.002044
0.002782	0.002052
0.002783	0.002060
0.002782	0.002068
0.002783	0.002076
0.002783	0.002084
0.002782	0.002092
0.002782	0.002100
0.002782	0.002108
0.002783	0.002116
0.002783	0.002124
0.002783	0.002132
0.002783	0.002140
0.002783	0.002148
0.002783	0.002157
0.002783	0.002164
0.002783	0.002172
0.002783	0.002181
0.002783	0.002188
0.002783	0.002196
0.002783	0.002204
0.002783	0.002212
0.002783	0.002220
0.002783	0.002228
0.002784	0.002236
0.002783	0.002245
0.002784	0.002252
0.002784	0.002260
0.002784	0.002268
0.002784	0.002276
0.002783	0.002285
0.002785	0.002292
0.002784	0.002300
0.002784	0.002309
0.002784	0.002316
0.002784	0.002325
0.002784	0.002332
0.002785	0.002340
0.002784	0.002349
0.002785	0.002356
0.002784	0.002364
0.002785	0.002373
0.002784	0.002381
0.002785	0.002389
0.002785	0.002397
0.002784	0.002405
0.002785	0.002413
0.002785	0.002421
0.002784	0.002429
0.002785	0.002437
0.002785	0.002445
0.002785	0.002453
0.002785	0.002461
0.002785	0.002469
0.002785	0.002477
0.002785	0.002485
0.002785	0.002493
0.002786	0.002501
0.002785	0.002509
0.002785	0.002517
0.002785	0.002525
0.002786	0.002533
0.002786	0.002541
0.002785	0.002549
0.002786	0.002557
0.002786	0.002565
0.002785	0.002573
0.002786	0.002581
0.002786	0.002589
0.002786	0.002597
0.002786	0.002605
0.002785	0.002613
0.002786	0.002621
0.002786	0.002630
0.002787	0.002637
0.002786	0.002645
0.002786	0.002653
0.002786	0.002661
0.002786	0.002670
0.002786	0.002677
0.002786	0.002685
0.002786	0.002694
0.002786	0.002701
0.002786	0.002709
0.002786	0.002717
0.002786	0.002725
0.002786	0.002733
0.002786	0.002741
0.002786	0.002749
0.002786	0.002758
0.002786	0.002765
0.002787	0.002773
0.002786	0.002781
0.002786	0.002789
0.002786	0.002798
0.002786	0.002805
0.002787	0.002813
0.002787	0.002822
0.002787	0.002829
0.002787	0.002837
0.002787	0.002845
0.002787	0.002853
0.002787	0.002861
0.002787	0.002869
0.002787	0.002878
0.002787	0.002886
0.002787	0.002894
0.002785	0.002902
0.002786	0.002910
0.002786	0.002918
0.002787	0.002926
0.002787	0.002934
0.002787	0.002942
0.002787	0.002950
0.002788	0.002958
0.002787	0.002966
0.002787	0.002974
0.002787	0.002982
0.002787	0.002990
0.002787	0.002998
0.002787	0.003006
0.002786	0.003014
0.002787	0.003022
0.002787	0.003030
0.002787	0.003038
0.002786	0.003046
0.002786	0.003054
0.002786	0.003062
0.002787	0.003070
0.002786	0.003078
0.002786	0.003086
0.002787	0.003094
0.002786	0.003102
0.002786	0.003110
0.002788	0.003118
0.002786	0.003126
0.002786	0.003134
0.002786	0.003143
0.002787	0.003150
0.002786	0.003159
0.002786	0.003166
0.002787	0.003174
0.002787	0.003183
0.002786	0.003190
0.002786	0.003198
0.002786	0.003207
0.002786	0.003214
0.002787	0.003223
0.002786	0.003230
0.002786	0.003238
0.002786	0.003247
0.002787	0.003254
0.002786	0.003262
0.002786	0.003271
0.002786	0.003278
0.002787	0.003286
0.002786	0.003294
0.002787	0.003302
0.002786	0.003311
0.002787	0.003318
0.002786	0.003326
0.002787	0.003335
0.002786	0.003342
0.002787	0.003350
0.002786	0.003358
0.002786	0.003366
0.002787	0.003375
0.002786	0.003383
0.002787	0.003391
0.002786	0.003399
0.002787	0.003407
0.002786	0.003415
0.002788	0.003423
0.002786	0.003431
0.002787	0.003439
0.002787	0.003447
0.002788	0.003455
0.002788	0.003463
0.002786	0.003471
0.002786	0.003479
0.002787	0.003487
0.002787	0.003495
0.002787	0.003503
0.002787	0.003511
0.002786	0.003519
0.002787	0.003527
0.002786	0.003535
0.002787	0.003543
0.002788	0.003551
0.002786	0.003559
0.002787	0.003567
0.002786	0.003575
0.002787	0.003583
0.002787	0.003591
0.002788	0.003599
0.002787	0.003607
0.002787	0.003615
0.002788	0.003623
0.002788	0.003632
0.002788	0.003639
0.002787	0.003647
0.002786	0.003655
0.002787	0.003663
0.002786	0.003671
0.002787	0.003679
0.002788	0.003687
0.002788	0.003696
0.002787	0.003703
0.002787	0.003711
0.002786	0.003719
0.002788	0.003727
0.002787	0.003735
0.002789	0.003743
0.002786	0.003751
0.002787	0.003760
0.002787	0.003767
0.002787	0.003775
0.002788	0.003783
0.002788	0.003791
0.002787	0.003799
0.002786	0.003807
0.002788	0.003815
0.002788	0.003824
0.002787	0.003831
0.002788	0.003839
0.002787	0.003847
0.002786	0.003855
0.002787	0.003863
0.002788	0.003871
0.002786	0.003880
0.002787	0.003888
0.002787	0.003896
0.002787	0.003904
0.002787	0.003912
0.002788	0.003920
0.002788	0.003928
0.002787	0.003936
0.002788	0.003944
0.002787	0.003952
0.002787	0.003960
0.002788	0.003968
0.002788	0.003976
0.002788	0.003984
0.002788	0.003992
0.002788	0.004000
