Voltage[V]	Current[A]	CoilCurrent[A]
2.574743E-6	-9.980469E-8
2.775536E-6	1.744649E-5
3.472340E-6	3.932260E-5
2.409408E-6	5.987759E-5
2.822761E-6	7.987105E-5
3.035335E-6	9.988660E-5
2.940878E-6	0.000120
3.165287E-6	0.000140
2.574761E-6	0.000160
2.350342E-6	0.000180
2.905434E-6	0.000200
3.011717E-6	0.000220
2.799134E-6	0.000240
2.905459E-6	0.000260
3.106206E-6	0.000280
2.751891E-6	0.000300
2.551122E-6	0.000320
2.905434E-6	0.000340
0.000416	0.000360
0.000417	0.000381
0.000417	0.000401
0.000418	0.000421
0.000419	0.000441
0.000419	0.000461
0.000956	0.000481
0.000958	0.000501
0.000960	0.000521
0.000961	0.000541
0.000966	0.000561
0.001058	0.000581
0.001062	0.000601
0.001064	0.000621
0.001067	0.000641
0.001069	0.000661
0.001071	0.000681
0.001073	0.000701
0.001075	0.000721
0.001077	0.000741
0.001079	0.000761
0.001081	0.000781
0.001083	0.000801
0.001085	0.000821
0.001087	0.000841
0.001088	0.000861
0.001090	0.000882
0.001091	0.000902
0.001093	0.000922
0.001094	0.000942
0.001094	0.000962
0.001096	0.000982
0.001097	0.001002
0.001097	0.001022
0.001099	0.001042
0.001099	0.001062
0.001100	0.001082
0.001100	0.001102
0.001101	0.001122
0.001101	0.001142
0.001102	0.001162
0.001102	0.001182
0.001103	0.001202
0.001103	0.001223
0.001103	0.001243
0.001104	0.001263
0.001104	0.001283
0.001104	0.001303
0.001105	0.001322
0.001105	0.001342
0.001105	0.001362
0.001105	0.001383
0.001105	0.001403
0.001106	0.001423
0.001106	0.001443
0.001106	0.001463
0.001106	0.001483
0.001107	0.001503
0.001107	0.001523
0.001107	0.001543
0.001108	0.001563
0.001109	0.001583
0.001109	0.001603
0.001109	0.001623
0.001110	0.001644
0.001110	0.001663
0.001112	0.001684
0.001111	0.001703
0.001113	0.001723
0.001113	0.001743
0.001114	0.001763
0.002778	0.001783
0.002778	0.001803
0.002779	0.001823
0.002779	0.001843
0.002780	0.001863
0.002780	0.001884
0.002781	0.001904
0.002781	0.001924
0.002781	0.001944
0.002780	0.001964
0.002781	0.001984
0.002782	0.002004
0.002781	0.002024
0.002782	0.002044
0.002781	0.002064
0.002782	0.002084
0.002783	0.002104
0.002783	0.002124
0.002783	0.002144
0.002783	0.002164
0.002783	0.002184
0.002783	0.002204
0.002783	0.002225
0.002784	0.002245
0.002784	0.002264
0.002784	0.002285
0.002784	0.002304
0.002783	0.002325
0.002784	0.002344
0.002784	0.002364
0.002785	0.002385
0.002784	0.002405
0.002785	0.002425
0.002785	0.002445
0.002785	0.002465
0.002785	0.002485
0.002785	0.002505
0.002785	0.002525
0.002785	0.002545
0.002786	0.002565
0.002785	0.002585
0.002785	0.002605
0.002785	0.002626
0.002785	0.002645
0.002785	0.002666
0.002786	0.002685
0.002785	0.002705
0.002786	0.002725
0.002785	0.002745
0.002785	0.002765
0.002785	0.002785
0.002785	0.002805
0.002785	0.002825
0.002785	0.002845
0.002785	0.002866
0.002786	0.002886
0.002784	0.002906
0.002785	0.002926
0.002785	0.002946
0.002785	0.002966
0.002785	0.002986
0.002784	0.003006
0.002786	0.003026
0.002785	0.003046
0.002785	0.003066
0.002786	0.003086
0.002785	0.003106
0.002784	0.003126
0.002785	0.003146
0.002785	0.003166
0.002785	0.003186
0.002784	0.003207
0.002784	0.003227
0.002784	0.003247
0.002784	0.003267
0.002784	0.003287
0.002786	0.003307
0.002785	0.003326
0.002786	0.003346
0.002786	0.003366
0.002786	0.003387
0.002785	0.003407
0.002784	0.003427
0.002784	0.003447
0.002785	0.003467
0.002786	0.003487
0.002783	0.003507
0.002784	0.003527
0.002785	0.003547
0.002786	0.003567
0.002785	0.003587
0.002784	0.003607
0.002785	0.003627
0.002786	0.003647
0.002784	0.003667
0.002786	0.003687
0.002785	0.003707
0.002786	0.003727
0.002785	0.003747
0.002786	0.003767
0.002786	0.003787
0.002785	0.003807
0.002785	0.003827
0.002786	0.003847
0.002786	0.003868
0.002784	0.003888
0.002788	0.003908
0.002787	0.003928
0.002785	0.003948
0.002785	0.003968
0.002786	0.003988
0.002787	0.004008
0.002785	0.004028
0.002786	0.004048
0.002785	0.004068
0.002785	0.004088
0.002787	0.004108
0.002786	0.004128
0.002786	0.004148
0.002788	0.004168
0.002788	0.004188
0.002787	0.004208
0.002788	0.004228
0.002787	0.004248
0.002787	0.004268
0.002786	0.004288
0.002787	0.004308
0.002787	0.004328
0.002789	0.004348
0.002786	0.004368
0.002787	0.004389
0.002787	0.004409
0.002785	0.004429
0.002789	0.004449
0.002790	0.004469
0.002789	0.004489
0.002787	0.004509
0.002788	0.004529
0.002787	0.004549
0.002789	0.004569
0.002788	0.004589
0.002789	0.004609
0.002788	0.004629
0.002787	0.004649
0.002790	0.004669
0.002788	0.004689
0.002788	0.004709
0.002788	0.004729
0.002788	0.004749
0.002787	0.004769
0.002788	0.004789
0.002788	0.004809
0.002789	0.004829
0.002787	0.004849
0.002789	0.004869
0.002789	0.004890
0.002788	0.004910
0.002790	0.004930
0.002789	0.004950
0.002791	0.004970
0.002790	0.004990
0.002790	0.005010
0.002790	0.005030
0.002790	0.005050
0.002788	0.005070
0.002790	0.005090
0.002790	0.005110
0.002789	0.005130
0.002789	0.005150
0.002790	0.005170
0.002788	0.005190
0.002793	0.005210
0.002789	0.005230
0.002789	0.005250
0.002791	0.005270
0.002788	0.005290
0.002790	0.005310
0.002790	0.005330
0.002791	0.005350
0.002788	0.005370
0.002791	0.005391
0.002791	0.005411
0.002789	0.005431
0.002794	0.005451
0.002793	0.005471
0.002789	0.005491
0.002792	0.005511
0.002793	0.005531
0.002788	0.005551
0.002787	0.005571
0.002791	0.005591
0.002793	0.005611
0.002791	0.005631
0.002791	0.005651
0.002793	0.005671
0.002792	0.005691
0.002791	0.005711
0.002790	0.005731
0.002793	0.005751
0.002792	0.005771
0.002788	0.005791
0.002789	0.005811
0.002791	0.005831
0.002791	0.005851
0.002791	0.005871
0.002792	0.005892
0.002792	0.005912
0.002792	0.005932
0.002792	0.005952
0.002791	0.005972
0.002790	0.005992
0.002791	0.006012
0.002791	0.006032
0.002792	0.006052
0.002794	0.006072
0.002791	0.006092
0.002793	0.006112
0.002792	0.006132
0.002794	0.006152
0.002791	0.006172
0.002793	0.006192
0.002797	0.006213
0.002789	0.006232
0.002794	0.006252
0.002794	0.006272
0.002797	0.006292
0.002793	0.006312
0.002792	0.006332
0.002795	0.006352
0.002795	0.006372
0.002790	0.006393
0.002793	0.006413
0.002790	0.006433
0.002791	0.006453
0.002793	0.006473
0.002795	0.006493
0.002794	0.006513
0.002792	0.006533
0.002794	0.006553
0.002793	0.006573
0.002794	0.006593
0.002795	0.006613
0.002791	0.006633
0.002791	0.006653
0.002795	0.006673
0.002793	0.006693
0.002797	0.006713
0.002796	0.006733
0.002793	0.006753
0.002798	0.006773
0.002795	0.006793
0.002793	0.006813
0.002799	0.006833
0.002797	0.006853
0.002797	0.006873
0.002794	0.006894
0.002797	0.006914
0.002796	0.006934
0.002797	0.006954
0.002798	0.006974
0.002796	0.006994
0.002797	0.007014
0.002800	0.007034
0.002798	0.007054
0.002797	0.007074
0.002797	0.007094
0.002799	0.007114
0.002798	0.007134
0.002798	0.007154
0.002799	0.007174
0.002799	0.007194
0.002801	0.007214
0.002797	0.007234
0.002801	0.007254
0.002798	0.007274
0.002799	0.007294
0.002799	0.007314
0.002802	0.007334
0.002798	0.007354
0.002802	0.007374
0.002802	0.007395
0.002802	0.007415
0.002799	0.007435
0.002801	0.007455
0.002802	0.007475
0.002800	0.007495
0.002802	0.007515
0.002804	0.007535
0.002802	0.007555
0.002801	0.007575
0.002806	0.007595
0.002804	0.007615
0.002803	0.007635
0.002804	0.007655
0.002806	0.007675
0.002808	0.007695
0.002807	0.007715
0.002808	0.007735
0.002808	0.007755
0.002808	0.007775
0.002808	0.007795
0.002811	0.007815
0.002809	0.007835
0.002810	0.007855
0.002809	0.007876
0.002811	0.007896
0.002810	0.007916
0.002811	0.007936
0.002812	0.007956
0.002812	0.007976
0.002813	0.007996
0.002813	0.008016
0.002815	0.008036
0.002814	0.008056
0.002815	0.008076
0.002814	0.008096
0.002816	0.008116
0.002815	0.008136
0.002816	0.008156
0.002816	0.008176
0.002818	0.008196
0.002818	0.008216
0.002818	0.008236
0.002818	0.008256
0.002819	0.008276
0.002819	0.008296
0.002820	0.008316
0.002820	0.008336
0.002819	0.008356
0.002822	0.008377
0.002823	0.008397
0.002822	0.008417
0.002823	0.008437
0.002824	0.008457
0.002824	0.008477
0.002825	0.008497
0.002826	0.008517
0.002827	0.008537
0.002829	0.008557
0.002828	0.008577
0.002830	0.008597
0.002830	0.008617
0.002830	0.008637
0.002831	0.008657
0.002833	0.008677
0.002833	0.008697
0.002835	0.008717
0.002836	0.008737
0.002838	0.008757
0.002837	0.008777
0.002839	0.008797
0.002840	0.008817
0.002842	0.008837
0.002844	0.008857
0.002845	0.008878
0.002847	0.008898
0.002848	0.008918
0.002849	0.008938
0.002852	0.008958
0.002854	0.008978
0.002855	0.008998
0.002858	0.009018
0.002861	0.009038
0.002863	0.009058
0.002865	0.009078
0.002869	0.009098
0.002872	0.009118
0.002876	0.009138
0.002879	0.009158
0.002882	0.009178
0.002887	0.009198
0.002891	0.009218
0.002895	0.009238
0.002900	0.009258
0.002905	0.009278
0.002911	0.009298
0.002915	0.009318
0.002921	0.009338
0.002926	0.009358
0.002933	0.009379
0.002938	0.009399
0.002944	0.009419
0.002951	0.009439
0.002955	0.009459
0.002963	0.009479
0.002968	0.009499
0.002974	0.009519
0.002981	0.009539
0.002987	0.009559
0.002992	0.009579
0.002999	0.009599
0.003004	0.009619
0.003010	0.009639
0.003017	0.009659
0.003023	0.009679
0.003028	0.009699
0.003034	0.009719
0.003040	0.009739
0.003047	0.009759
0.003051	0.009779
0.003057	0.009799
0.003063	0.009819
0.003069	0.009839
0.003074	0.009859
0.003079	0.009880
0.003086	0.009900
0.003090	0.009920
0.003098	0.009940
0.003103	0.009960
0.003109	0.009980
0.003113	0.010000
